start_position: [0.292936, 0.1029, -0.0257454]
end_position: [0.292936, 0.1029, -0.0958588]
angles: [3.1415,3.1415]
v_m: 0.05
a_m: 0.1
time_step: 0.05